122222
127252
132553
132822
132674
132675
132494
132257
132256
132259
132258
132314
131111
131216
132265
132219
132225
131232
132264
131340
131231
132878
132222
131799
132199
132521
132520
129300
132198
132519
132214
131982
132480
132508
132509
132836
132333
132186
132539
132726
132714
132874
132715
132662
132663
132379
132713
132717
109378
132237
132772
132538
132735
132736
132247
132348
130430
132593
132517
132543
132541
132544
132488
109372
132317
132837
130779
132738
132058
132812
132316
132813
132342
132290
132460
110747
132284
132411
132666
310790
132470
101199
100659
131351
131233
131220
132127
131118
132223
132216
131117
132761
